$ANSIBLE_VAULT;1.1;AES256
61636537613134396262323163393032666264396236373363303264383161386535383638306435
3637633365663366636539376136333031363366306530660a656565376531323338356232393630
39653430633662666333643562616534303530663163373235663535616435626334663230316364
6364386533323538610a623937353864306165356562623563303738353831633361623732373334
39336262663332303161356631353235383765326461363935316638346133646633653565393632
66393235343661653662396539383434343865393039393135333737633234633234323137626138
39313038353732616162613866363139353865303436393431643934393933353565356365303165
61343234613636653531326561313834643639343361316265343732326661623862353465623639
37353366333737613565303938643963383766366230636465623766636235316633303764393163
34373332643034366663666662633130343963353731356637393035653531616436383230646161
36613030373633633036633962383564333735333264393936616133343438613263306265333232
37346237383634643761366365663466366236303036313064336432346466343232303630363430
65326137343561346631393431626661383166336265653361613365623263383338346231626235
39656131343161623034393239323364363433613766343839353138633564393933656661646338
64393361353832386331633833386237626265653839636530333838316662646536613835636166
38303566383262396137323033636434666536313331353764326237636464346262616166353131
33383461633237363538633236346366323730316434346333663532656530356463643839353839
66343139633635633037643135366366333934353432623333386137643438613830613362623733
34323565613439393761333634373963353939333134643765623061616638666536613938666335
62373465653737366337366237316634626462366166323732663132393632376139396134333338
30663132373632313533383336386462356664656233613336623130346235623538613036646463
65393039636661663063386631366165396435323861613033343764616662376163396431626535
61366366373333363430363335306466383438386561666133616134643433376166393038626335
34343565386264626566623831363162626266313637666631643639343638623264643537396430
38623538663366613339333638633036616530303261313133656334343237623361
